14459.000000,15550.000000,421.685227,405.000000,11345.234415,1.193602
13727.000000,15553.000000,394.678855,379.000000,12070.051949,1.136579
13705.000000,15552.000000,394.825899,379.000000,11884.404352,1.138504
13182.000000,15556.000000,363.460935,350.000000,8070.718232,0.986801
14212.000000,15560.000000,465.870209,429.000000,27204.128826,3.309967
14284.000000,15562.000000,465.397020,428.000000,27285.372813,3.183323
14179.000000,15560.000000,454.685913,416.000000,27310.009770,3.431807
14776.000000,15568.000000,425.818057,411.000000,12394.726430,1.044879
13101.000000,15566.000000,356.443486,347.000000,8424.443061,0.412475
14842.000000,15570.000000,408.453093,401.000000,10058.210156,0.463334
13607.000000,15570.000000,359.099402,349.000000,8775.221371,0.611937
14868.000000,15578.000000,411.969121,407.000000,9891.293135,0.443663
14158.000000,15573.000000,464.315655,427.000000,27066.463444,3.347224
14582.000000,15578.000000,407.415547,389.000000,12192.105234,1.174339
13306.000000,15579.000000,337.343790,328.000000,6626.464202,0.859152
14549.000000,15572.000000,406.927066,386.000000,11854.762252,1.504963
13987.000000,15583.000000,484.594844,469.000000,33822.739779,1.055336
13445.000000,15578.000000,350.070973,338.000000,6877.321499,0.967570
13915.000000,15576.000000,457.310166,451.000000,39261.016433,0.801029
13950.000000,15576.000000,460.757181,452.000000,40922.295024,0.783783
14072.000000,15580.000000,453.214685,426.000000,17989.528462,1.791161
14638.000000,15585.000000,427.358592,410.000000,13577.159128,1.375147
13081.000000,15589.000000,360.661504,349.000000,6738.796213,0.985134
13191.000000,15586.000000,352.841976,343.000000,8429.820926,0.675367
13731.000000,15580.000000,395.338006,381.000000,11457.385997,1.207910
14170.000000,15592.000000,468.804921,427.000000,29507.804117,3.150654
14350.000000,15593.000000,448.274091,421.000000,20564.354832,3.714020
14450.000000,15584.000000,438.404666,417.000000,15054.246009,1.355187
13282.000000,15596.000000,337.114989,328.000000,6482.259790,0.926112
13424.000000,15594.000000,353.951965,341.000000,6731.100918,1.065050
13819.000000,15592.000000,441.955102,420.000000,18606.885544,3.392977
14061.000000,15594.000000,453.578375,427.000000,17803.102205,1.853555
14527.000000,15598.000000,403.590726,388.000000,9539.496744,0.974662
14485.000000,15603.000000,421.620723,401.000000,12954.082108,1.450484
13451.000000,15609.000000,349.269777,338.000000,6599.768020,0.914439
14006.000000,15608.000000,491.473287,466.000000,22519.259776,1.790411
14705.000000,15609.000000,415.909715,400.000000,10204.958911,1.425505
14645.000000,15606.000000,438.714538,421.000000,12386.574918,1.497343
13161.000000,15604.000000,346.669346,338.000000,7762.968504,0.541413
14779.000000,15615.000000,427.410058,415.000000,11628.998307,1.015410
13733.000000,15611.000000,391.943927,379.000000,10617.485337,1.525299
13572.000000,15612.000000,367.526909,350.000000,8396.826866,1.407470
13103.000000,15612.000000,356.043721,348.000000,7975.872022,0.545766
13160.000000,15615.000000,344.324478,337.000000,7285.087538,0.401860
13882.000000,15616.000000,468.032546,445.000000,25258.257151,1.776702
13674.000000,15625.000000,376.886580,363.000000,9312.873618,0.945508
13620.000000,15618.000000,366.879914,351.000000,7928.624830,1.041554
14278.000000,15626.000000,450.279678,427.000000,17822.286548,1.883629
14531.000000,15623.000000,395.417018,385.000000,8466.890501,0.785029
14137.000000,15623.000000,434.128517,414.000000,12054.858790,1.349700
14370.000000,15625.000000,472.955397,444.000000,19226.907823,1.836199
14721.000000,15632.000000,425.043721,407.000000,11860.817224,1.300934
13841.000000,15630.000000,455.993236,423.000000,28988.557841,2.995292
14152.000000,15634.000000,448.399863,430.000000,12493.581410,1.247987
13262.000000,15637.000000,340.608862,330.000000,6813.419406,1.052165
13286.000000,15640.000000,342.212920,331.000000,6874.073673,0.934432
13767.000000,15632.000000,402.415351,387.000000,10461.851893,1.583348
13080.000000,15642.000000,354.561023,343.000000,7305.095997,0.871348
13706.000000,15641.000000,391.677581,376.000000,10328.530003,1.626238
13993.000000,15636.000000,472.536810,449.000000,18590.627627,1.874598
13332.000000,15638.000000,344.879129,332.000000,6819.992546,0.948509
14118.000000,15643.000000,452.409078,434.000000,13608.996757,1.113441
14599.000000,15647.000000,421.096853,404.000000,13016.554290,1.182251
14036.000000,15647.000000,451.649544,430.000000,15788.702688,1.464635
14238.000000,15648.000000,456.376728,434.000000,20114.888073,1.484377
14427.000000,15648.000000,474.564552,445.000000,22781.189858,1.710721
14521.000000,15657.000000,414.705225,395.000000,13820.579415,1.897458
14894.000000,15651.000000,347.409568,375.000000,28170.732950,-0.306095
14712.000000,15658.000000,416.934026,402.000000,10450.425899,1.630303
14766.000000,15652.000000,421.069993,404.000000,12693.945106,1.425893
13553.000000,15658.000000,370.775022,357.000000,7813.237200,1.238707
14363.000000,15653.000000,468.056367,442.000000,18294.696068,1.864351
13817.000000,15658.000000,424.420253,400.000000,18258.621447,3.645026
14411.000000,15663.000000,462.950201,434.000000,22118.607656,1.813406
13742.000000,15660.000000,392.233310,377.000000,9166.114373,1.866616
14853.000000,15663.000000,432.450642,421.000000,11255.614489,0.877878
14488.000000,15669.000000,413.212430,395.000000,13483.376205,1.729153
14243.000000,15666.000000,465.422802,443.000000,21165.381380,1.341322
13280.000000,15678.000000,346.114695,335.000000,6989.126341,0.887798
13309.000000,15672.000000,349.099500,339.000000,7386.666406,0.864318
14037.000000,15675.000000,437.211548,417.000000,12873.151013,1.292083
14901.000000,15673.000000,311.543280,348.000000,32472.558685,-0.074275
14864.000000,15681.000000,407.770121,402.000000,13083.553567,0.534936
14183.000000,15683.000000,457.656700,436.000000,16844.509143,1.364008
14635.000000,15686.000000,429.415646,416.000000,13126.801457,1.072961
14371.000000,15683.000000,465.911087,437.000000,19459.513220,2.113769
14682.000000,15679.000000,430.114303,412.000000,13746.782347,1.457049
14051.000000,15684.000000,431.513675,412.000000,12668.585270,1.341573
13070.000000,15692.000000,388.953436,365.000000,15981.480726,1.558429
14894.000000,15693.000000,329.410940,353.000000,29846.211875,-0.083290
13679.000000,15697.000000,400.829821,384.000000,14260.826249,2.119682
13738.000000,15690.000000,380.088129,367.000000,11314.139376,1.128033
14618.000000,15702.000000,412.597392,399.000000,10995.038476,0.889945
13273.000000,15710.000000,359.247525,347.000000,7326.593667,0.865522
14662.000000,15711.000000,429.386139,409.000000,15906.844819,1.525953
14024.000000,15709.000000,442.210666,421.000000,13319.809458,1.252815
14676.000000,15708.000000,431.514655,412.000000,15185.736894,1.588011
14461.000000,15719.000000,426.011567,407.000000,13188.174555,1.826934
14898.000000,15710.000000,305.274483,336.000000,31828.913386,-0.078026
13804.000000,15719.000000,370.611117,365.000000,12043.612224,0.467138
14393.000000,15712.000000,440.949221,423.000000,12448.507764,2.060096
14288.000000,15719.000000,459.274679,437.000000,16856.516454,1.267408
13916.000000,15720.000000,407.194001,393.000000,10001.748365,0.757677
14253.000000,15721.000000,459.686305,438.000000,15841.530456,1.373962
14806.000000,15726.000000,416.347221,406.000000,12769.374781,3.582086
13678.000000,15744.000000,423.346339,393.000000,24303.941710,2.220447
13950.000000,15733.000000,408.981276,396.000000,10120.516756,0.787277
14850.000000,15735.000000,416.037153,405.000000,13230.942155,1.140326
13400.000000,15742.000000,363.123517,346.000000,7976.962099,1.892353
13062.000000,15743.000000,389.360161,365.000000,14445.813231,1.774478
13987.000000,15744.000000,418.201157,396.000000,14933.217060,2.157278
14487.000000,15745.000000,410.900402,398.000000,10094.390237,1.002890
14559.000000,15744.000000,424.211058,408.000000,11704.141417,1.812000
14304.000000,15754.000000,469.067935,442.000000,18285.686690,1.691481
14177.000000,15757.000000,419.117145,402.000000,12798.344575,1.495557
14523.000000,15754.000000,423.428389,408.000000,12022.083123,1.780071
13281.000000,15758.000000,378.165376,365.000000,8872.432704,1.010899
14033.000000,15759.000000,466.454171,438.000000,20367.997924,1.902163
13316.000000,15750.000000,365.398098,353.000000,8042.299022,1.440088
13240.000000,15753.000000,368.352416,353.000000,9121.187929,1.087274
14651.000000,15752.000000,434.376728,414.000000,13971.245881,1.886050
13706.000000,15763.000000,412.052740,377.000000,25047.417864,2.317255
14237.000000,15761.000000,447.798549,426.000000,13123.667779,1.512224
13254.000000,15772.000000,375.853838,363.000000,9523.323113,0.849886
13593.000000,15764.000000,404.596118,388.000000,9213.470053,1.325654
13782.000000,15773.000000,372.386139,364.000000,11405.750809,0.555077
13497.000000,15781.000000,355.304970,348.000000,8976.731520,0.220844
13619.000000,15779.000000,420.968238,398.000000,14975.884101,2.038760
14199.000000,15776.000000,424.428291,409.000000,12087.508067,1.082613
14083.000000,15783.000000,481.655916,450.000000,25026.956795,1.674680
13715.000000,15784.000000,402.824919,370.000000,20794.272062,2.447543
13840.000000,15781.000000,385.437016,376.000000,9550.974393,0.575387
14823.000000,15786.000000,442.089599,423.000000,13140.537409,2.049352
14184.000000,15790.000000,421.268601,409.000000,13340.968144,0.758544
14297.000000,15796.000000,500.190570,462.000000,28876.069947,1.563080
14399.000000,15789.000000,445.970395,434.000000,10381.478978,0.859017
14512.000000,15802.000000,421.720224,407.000000,11047.024950,1.265031
14382.000000,15796.000000,461.508185,447.000000,12416.510104,1.041116
13422.000000,15798.000000,632.640035,372.000000,1099739.342438,5.261948
14210.000000,15798.000000,423.574650,412.000000,15871.080816,0.531570
14135.000000,15796.000000,438.797275,420.000000,15457.164863,1.552949
14806.000000,15804.000000,455.374767,437.000000,14572.414103,1.891790
14359.000000,15804.000000,468.672385,454.000000,13214.177935,0.957837
13704.000000,15799.000000,426.210666,389.000000,27984.016104,3.612038
13753.000000,15808.000000,434.414371,369.000000,176021.635472,9.073457
14059.000000,15799.000000,488.243309,455.000000,26750.121763,1.554689
14461.000000,15806.000000,442.504950,419.000000,15893.822174,1.996563
13874.000000,15807.000000,392.495344,379.000000,11662.880701,1.174653
14090.000000,15809.000000,480.351436,450.000000,23608.966680,1.627785
13839.000000,15812.000000,388.474659,376.000000,8859.713136,0.954880
13896.000000,15810.000000,401.065778,386.000000,11536.949599,1.277870
14151.000000,15816.000000,456.462014,437.000000,15272.681652,1.782547
13416.000000,15819.000000,713.126066,394.000000,1311576.246239,4.615157
14661.000000,15827.000000,415.988040,404.000000,10360.090436,0.800067
14691.000000,15823.000000,411.155083,400.000000,9428.017122,0.775829
14083.000000,15821.000000,487.252818,453.000000,26324.717085,1.758188
14756.000000,15824.000000,441.990099,426.000000,10238.477208,1.020803
14192.000000,15823.000000,434.669444,418.000000,15438.989057,1.015370
14584.000000,15825.000000,436.931183,421.000000,11893.651769,1.290003
13375.000000,15833.000000,665.829036,391.000000,1233886.117816,5.033787
13554.000000,15821.000000,770.836781,380.000000,2631102.259900,4.790770
14279.000000,15830.000000,479.889423,437.000000,35266.944149,1.616002
13745.000000,15827.000000,448.088129,372.000000,187985.592567,8.346492
14396.000000,15835.000000,447.607391,437.000000,30140.055544,1.441848
14418.000000,15836.000000,440.350358,429.000000,31827.628254,1.554539
13226.000000,15836.000000,391.754632,376.000000,13498.387300,1.222580
14541.000000,15829.000000,423.479855,407.000000,12191.196560,1.265023
13612.000000,15841.000000,480.789726,397.000000,195763.936669,7.744685
14084.000000,15841.000000,449.182433,429.000000,18474.117194,1.576350
13358.000000,15848.000000,713.473777,402.000000,1440952.687309,4.590933
14133.000000,15843.000000,452.843153,432.000000,15941.012748,2.149516
13077.000000,15844.000000,366.239682,355.000000,7094.517888,1.095749
14345.000000,15847.000000,465.072346,444.000000,15279.205236,1.605730
13998.000000,15846.000000,425.240173,411.000000,15526.133867,1.088485
14839.000000,15859.000000,477.207137,452.000000,41691.573112,3.616709
13513.000000,15854.000000,1086.429860,425.000000,4036446.578185,3.367069
13642.000000,15864.000000,787.184590,409.000000,2641551.298051,5.849108
14143.000000,15860.000000,450.804333,429.000000,17521.932894,2.011993
14552.000000,15862.000000,435.714244,419.000000,10947.134205,1.180678
13993.000000,15860.000000,416.622096,403.000000,15080.134906,1.132418
14417.000000,15865.000000,438.270856,427.000000,34627.031333,1.430775
14911.000000,15867.000000,215.977649,42.000000,67558.765700,1.517552
13788.000000,15873.000000,505.516518,393.000000,228993.534111,6.385737
14451.000000,15870.000000,430.911479,417.000000,33207.290174,1.533161
14893.000000,15866.000000,301.846878,322.000000,76055.381514,1.142177
13078.000000,15871.000000,365.956377,355.000000,7387.610782,1.138170
14874.000000,15872.000000,372.033036,392.000000,81436.355050,1.623703
13974.000000,15881.000000,417.147437,406.000000,13393.628101,0.861263
13527.000000,15878.000000,1098.442604,439.000000,4021782.136913,3.369247
13092.000000,15883.000000,373.990001,363.000000,7373.307027,1.093820
14008.000000,15883.000000,408.491618,397.000000,15183.980348,0.718981
14631.000000,15880.000000,430.785217,413.000000,13410.492541,1.738716
14885.000000,15881.000000,290.409568,257.000000,91515.101738,1.864277
14563.000000,15885.000000,443.107342,425.000000,12393.666646,1.135334
14369.000000,15891.000000,455.305166,430.000000,20980.073818,3.118090
14137.000000,15890.000000,438.695128,415.000000,18149.871174,1.829021
14458.000000,15901.000000,419.554063,413.000000,27759.954557,1.589060
14251.000000,15891.000000,464.382413,423.000000,30551.394099,2.058153
13653.000000,15900.000000,744.968042,408.000000,2532576.920261,6.204834
13560.000000,15904.000000,951.457406,418.000000,3629086.040167,3.873073
13277.000000,15897.000000,937.857661,441.000000,2663012.723196,3.775436
14429.000000,15894.000000,428.798745,418.000000,32079.395532,1.590619
13827.000000,15901.000000,470.509362,410.000000,65322.867303,3.549033
14225.000000,15910.000000,461.604058,431.000000,21932.703440,1.674267
14866.000000,15903.000000,289.243211,165.000000,101757.278462,1.793188
13622.000000,15906.000000,491.108617,390.000000,554528.996927,10.213225
13355.000000,15913.000000,804.712871,407.000000,2217963.238506,4.285893
13394.000000,15915.000000,389.469170,379.000000,6847.946922,0.965242
13410.000000,15910.000000,393.159690,380.000000,9770.265353,4.256378
13191.000000,15917.000000,377.019508,375.000000,18579.779151,0.075750
13319.000000,15918.000000,926.944809,434.000000,2671547.117726,3.775875
13856.000000,15914.000000,468.908930,407.000000,65090.470777,3.585142
13299.000000,15923.000000,922.167533,443.000000,2631013.018203,3.839646
13331.000000,15930.000000,848.700029,419.000000,2334591.101469,4.091812
14639.000000,15924.000000,447.297324,425.000000,14670.949242,1.932151
13207.000000,15935.000000,372.482306,372.000000,19899.741894,0.220584
14749.000000,15929.000000,477.184002,462.000000,26431.910365,0.864581
14188.000000,15936.000000,434.824625,406.000000,21042.649667,1.820618
13756.000000,15937.000000,395.725517,382.000000,10059.225708,0.953661
14126.000000,15949.000000,393.880502,378.000000,11973.925432,1.208009
14373.000000,15943.000000,423.554357,408.000000,10786.997168,1.256904
14514.000000,15943.000000,442.104892,427.000000,12728.973999,0.933720
13490.000000,15943.000000,437.527791,398.000000,44692.467245,7.600813
14673.000000,15945.000000,439.865111,421.000000,12116.726830,1.613422
14320.000000,15959.000000,425.262229,405.000000,13149.353351,1.391735
13111.000000,15954.000000,392.624841,374.000000,28085.381165,8.955590
14001.000000,15956.000000,415.558867,400.000000,10781.031360,1.022781
14285.000000,15966.000000,428.659543,407.000000,15377.745573,1.298763
14556.000000,15956.000000,436.557690,420.000000,14124.413518,1.191659
14440.000000,15955.000000,434.358396,419.000000,9544.284257,1.035265
13522.000000,15966.000000,439.926380,405.000000,35648.953604,8.449236
13502.000000,15964.000000,444.096069,409.000000,35489.538462,8.428339
13773.000000,15968.000000,410.856387,391.000000,15394.109657,4.629814
13803.000000,15966.000000,451.347319,404.000000,71474.348833,6.973926
13248.000000,15968.000000,407.759435,394.000000,12071.547461,0.970041
14414.000000,15966.000000,427.311538,414.000000,9319.013619,1.007288
14513.000000,15972.000000,448.146162,431.000000,15130.080489,1.285506
13273.000000,15967.000000,503.747378,406.000000,443304.984609,8.771657
13898.000000,15970.000000,390.824135,378.000000,9831.370503,1.219269
14546.000000,15969.000000,444.634938,427.000000,15754.011617,1.306777
13156.000000,15969.000000,372.143809,364.000000,43212.397807,6.426877
13982.000000,15972.000000,415.320949,400.000000,10413.485464,1.102812
13234.000000,15986.000000,407.943143,396.000000,11258.568084,0.789836
13393.000000,15980.000000,390.050485,377.000000,7651.168415,1.571610
14750.000000,15980.000000,383.519067,431.000000,70476.923688,0.377388
13147.000000,15984.000000,431.838251,377.000000,151226.164407,6.289779
13470.000000,15989.000000,450.118616,411.000000,43478.874079,7.332297
13560.000000,15986.000000,453.618273,401.000000,107740.731061,9.941632
13698.000000,15984.000000,398.549260,383.000000,9568.832222,1.022035
13597.000000,15994.000000,405.021665,389.000000,10856.140007,1.045816
13816.000000,15990.000000,462.374963,405.000000,84304.686870,6.503822
13915.000000,15993.000000,399.793648,386.000000,9887.494621,0.904523
14087.000000,15995.000000,388.938535,373.000000,9779.876920,1.249146
14266.000000,16001.000000,416.660622,399.000000,14080.344973,0.985842
13355.000000,16004.000000,398.230272,385.000000,8682.486824,1.277719
13294.000000,16010.000000,385.854328,372.000000,9995.915845,1.092233
14206.000000,15998.000000,396.756200,386.000000,10358.640199,0.592108
14585.000000,16007.000000,440.263308,422.000000,14365.852638,1.953125
13538.000000,16012.000000,474.028134,421.000000,113489.347017,9.291225
13369.000000,16015.000000,396.511420,383.000000,9014.442204,1.340332
13782.000000,16012.000000,443.869817,396.000000,76245.780719,7.260603
14383.000000,16012.000000,442.211646,423.000000,14988.523484,2.072758
13520.000000,16017.000000,498.408195,433.000000,133596.881117,8.144412
13625.000000,16025.000000,473.586217,396.000000,220872.905443,8.626475
14564.000000,16022.000000,450.923635,431.000000,15754.682238,1.824980
14501.000000,16019.000000,459.616998,436.000000,16805.658133,1.500846
13081.000000,16032.000000,400.324184,375.000000,32914.506708,6.908255
13858.000000,16029.000000,458.279776,401.000000,83981.263750,6.582145
13703.000000,16031.000000,579.097441,413.000000,494021.561528,6.115935
14372.000000,16025.000000,444.466425,426.000000,15533.697554,1.948364
13555.000000,16038.000000,460.476718,406.000000,113486.421794,9.383957
14406.000000,16040.000000,447.912165,429.000000,16845.892883,1.817253
13207.000000,16041.000000,500.967552,397.000000,273778.489585,7.143433
14633.000000,16047.000000,457.053622,435.000000,16898.363069,2.316304
13285.000000,16050.000000,381.766395,367.000000,10076.190601,1.364220
14056.000000,16048.000000,423.812371,395.000000,16976.578265,1.490139
13097.000000,16053.000000,400.219782,373.000000,33457.287251,6.760169
14528.000000,16050.000000,453.971669,427.000000,17172.144575,1.588690
14121.000000,16055.000000,450.956867,416.000000,21832.765319,2.173259
13134.000000,16059.000000,476.092932,386.000000,199084.948329,6.778639
13056.000000,16057.000000,367.639741,359.000000,12845.892074,0.494352
14084.000000,16053.000000,446.924125,411.000000,23313.932680,2.026692
13927.000000,16057.000000,407.021763,386.000000,12111.786606,1.055447
14037.000000,16055.000000,410.285364,392.000000,12719.105020,1.283110
14350.000000,16057.000000,415.428193,400.000000,13383.841746,1.973018
13816.000000,16065.000000,413.813548,382.000000,26079.341767,7.683785
14174.000000,16062.000000,421.938241,398.000000,15010.029320,2.816773
14564.000000,16061.000000,445.249779,426.000000,13637.564510,1.878806
14093.000000,16072.000000,460.247819,428.000000,22233.888395,1.994675
13341.000000,16068.000000,385.065680,372.000000,9682.881090,1.206276
14430.000000,16063.000000,444.888834,426.000000,17293.052048,1.763894
13405.000000,16067.000000,378.373689,366.000000,8369.365111,0.923617
13970.000000,16070.000000,416.407901,396.000000,12403.651576,0.983048
14294.000000,16066.000000,405.076365,388.000000,10657.975249,2.234366
14415.000000,16069.000000,435.284188,418.000000,16873.201366,1.831080
13685.000000,16081.000000,574.754044,406.000000,495532.697568,6.108720
14217.000000,16080.000000,420.168611,399.000000,13625.091461,2.060714
14299.000000,16082.000000,403.089599,386.000000,10919.551035,2.106165
13706.000000,16085.000000,562.571415,396.000000,491006.513305,6.203538
13922.000000,16082.000000,410.508087,391.000000,12353.165335,1.053819
13863.000000,16086.000000,389.307323,373.000000,9206.324629,1.093096
13537.000000,16081.000000,404.369866,387.000000,11284.301294,2.262388
13877.000000,16081.000000,393.204686,377.000000,9724.404531,1.193664
14473.000000,16085.000000,433.085678,412.000000,13613.977759,1.529409
13482.000000,16092.000000,378.629742,367.000000,7212.037500,0.887276
13891.000000,16094.000000,399.102931,380.000000,13198.824617,2.925879
13260.000000,16093.000000,375.306833,359.000000,12827.110442,3.529842
13295.000000,16097.000000,378.477110,362.000000,10431.291531,1.523336
13186.000000,16097.000000,470.030977,376.000000,255680.277052,7.667932
13953.000000,16100.000000,453.237036,400.000000,62266.984300,5.569395
14442.000000,16104.000000,437.323400,416.000000,15444.440359,1.557856
14508.000000,16106.000000,422.891383,399.000000,12495.898799,1.630566
13279.000000,16110.000000,377.996667,361.000000,10616.125467,1.560133
13793.000000,16104.000000,375.591217,360.000000,7106.673010,1.074714
14175.000000,16108.000000,428.909421,407.000000,14667.311078,2.592694
13100.000000,16119.000000,378.543966,366.000000,8401.497160,0.967542
13234.000000,16123.000000,425.529458,361.000000,182330.937300,9.357321
14405.000000,16117.000000,416.320165,402.000000,12472.324904,1.473388
13363.000000,16121.000000,369.497598,357.000000,8985.654562,0.937150
14292.000000,16117.000000,408.118518,392.000000,10258.876749,2.041786
14015.000000,16126.000000,431.028625,390.000000,79890.112111,12.497207
13726.000000,16126.000000,401.184002,387.000000,8658.244842,1.050237
14107.000000,16131.000000,413.458681,400.000000,10324.548067,0.985872
13990.000000,16132.000000,534.098520,405.000000,334579.001665,6.283950
14131.000000,16131.000000,410.182923,397.000000,9473.443061,1.089137
13583.000000,16140.000000,491.503578,405.000000,185632.373112,6.599015
13882.000000,16140.000000,427.227037,386.000000,82778.937769,12.050175
13433.000000,16138.000000,366.534751,356.000000,7584.502101,1.184945
13522.000000,16135.000000,376.088521,362.000000,10268.716505,1.024424
13841.000000,16146.000000,383.040192,368.000000,7326.445400,1.038506
14477.000000,16138.000000,410.861582,389.000000,12909.543825,1.900350
13476.000000,16149.000000,371.639545,361.000000,8283.419822,0.782534
13661.000000,16143.000000,427.337810,402.000000,32428.688159,11.263822
13753.000000,16139.000000,392.524654,378.000000,7974.295074,1.078300
14380.000000,16145.000000,401.104598,386.000000,8772.552435,1.456434
13458.000000,16153.000000,374.065680,362.000000,8711.400646,1.136913
13375.000000,16151.000000,370.313793,358.000000,8961.105436,1.149964
14138.000000,16149.000000,404.819527,391.000000,9381.774605,1.484487
14431.000000,16149.000000,421.817567,403.000000,13063.812322,1.579081
13252.000000,16158.000000,376.441133,364.000000,8528.673748,1.019489
13940.000000,16152.000000,619.953828,432.000000,643292.420474,6.386903
13393.000000,16150.000000,366.974120,356.000000,9236.966882,1.083000
14318.000000,16151.000000,399.923145,386.000000,7638.850872,1.016413
13499.000000,16166.000000,375.764043,363.000000,9403.671312,0.991807
14226.000000,16158.000000,428.186844,413.000000,10903.788636,1.620433
13710.000000,16159.000000,432.068523,409.000000,21641.111764,6.393523
14265.000000,16165.000000,419.645035,405.000000,10016.913996,1.254428
13530.000000,16170.000000,382.684835,368.000000,10373.612954,1.039770
13691.000000,16170.000000,513.513185,411.000000,485068.267668,9.122937
14827.000000,16167.000000,25.479463,25.000000,72.974801,0.441032
14455.000000,16176.000000,416.886972,395.000000,12314.027319,1.671555
13424.000000,16169.000000,382.653073,371.000000,8412.615746,1.213889
13975.000000,16178.000000,725.283894,479.000000,771438.643059,5.271905
14625.000000,16188.000000,300.479169,340.000000,57399.556693,0.692989
14135.000000,16187.000000,402.692775,385.000000,10688.542021,1.985922
13126.000000,16190.000000,368.134497,359.000000,8217.793498,0.662267
14149.000000,16182.000000,407.372709,393.000000,9714.291634,1.672321
14268.000000,16185.000000,434.209195,416.000000,11190.743219,1.200556
13365.000000,16188.000000,387.327027,368.000000,10365.798945,1.591814
13521.000000,16193.000000,388.762768,374.000000,10446.365641,1.038121
13627.000000,16192.000000,474.874424,427.000000,87773.306944,7.862646
14373.000000,16193.000000,404.257034,391.000000,8310.844825,0.994185
14396.000000,16198.000000,411.351142,398.000000,9297.871798,1.391790
13779.000000,16196.000000,416.552985,407.000000,8811.323558,0.759601
14822.000000,16188.000000,25.685031,26.000000,71.825410,0.448580
13719.000000,16193.000000,613.272816,431.000000,823560.952431,6.369391
14306.000000,16205.000000,418.632977,398.000000,10514.766578,1.276768
13601.000000,16208.000000,430.158612,411.000000,14138.407153,0.990687
13579.000000,16213.000000,417.325752,395.000000,13224.858007,1.219009
13480.000000,16211.000000,384.851877,374.000000,8755.218820,1.114550
13619.000000,16217.000000,433.410646,415.000000,13851.279561,0.979411
14616.000000,16210.000000,297.712185,327.000000,68091.282519,0.940665
13642.000000,16213.000000,619.913734,438.000000,828811.930800,6.291920
14003.000000,16216.000000,539.530144,434.000000,190099.515242,6.788246
13404.000000,16218.000000,395.824037,373.000000,12801.719356,1.787034
13682.000000,16219.000000,620.571415,437.000000,826716.726813,6.315787
14299.000000,16217.000000,420.137438,404.000000,13111.261770,0.725780
14522.000000,16214.000000,388.633565,372.000000,8733.002477,1.512137
13243.000000,16227.000000,387.131458,373.000000,8928.689806,0.881081
13217.000000,16233.000000,393.976963,382.000000,9147.746847,0.849569
13133.000000,16232.000000,377.464562,369.000000,9752.420296,0.581117
14190.000000,16238.000000,409.569846,394.000000,10797.656356,1.874498
14599.000000,16235.000000,319.119302,346.000000,77843.332792,0.918710
13155.000000,16240.000000,379.851877,371.000000,11053.471149,0.594265
13196.000000,16244.000000,387.502206,375.000000,9540.341163,0.862325
14233.000000,16241.000000,414.709538,408.000000,21005.401467,0.370616
13301.000000,16244.000000,362.901480,352.000000,6656.704636,0.850681
13719.000000,16245.000000,607.396040,425.000000,830490.378786,6.313093
14315.000000,16248.000000,426.162729,404.000000,12835.272019,1.697660
14811.000000,16244.000000,26.003137,26.000000,78.680120,0.642416
13630.000000,16250.000000,487.893050,421.000000,207230.098845,10.331495
13218.000000,16254.000000,385.919812,376.000000,8817.584982,0.667117
13843.000000,16265.000000,417.908048,402.000000,10936.227404,1.011635
13959.000000,16260.000000,458.401333,435.000000,19215.180173,1.849720
14049.000000,16260.000000,412.727674,389.000000,15556.007791,2.026053
13563.000000,16263.000000,407.227821,386.000000,13282.477654,1.455868
14134.000000,16256.000000,376.167337,362.000000,6746.982586,0.971850
13506.000000,16266.000000,379.743064,367.000000,9069.921142,1.041845
14576.000000,16261.000000,317.941476,334.000000,66481.743168,1.032611
14360.000000,16266.000000,387.184786,374.000000,7982.367089,1.049691
14214.000000,16266.000000,396.635428,386.000000,20771.458402,0.694676
14241.000000,16273.000000,419.535242,407.000000,25571.476481,0.790681
14270.000000,16276.000000,407.300951,394.000000,23351.810615,0.721571
13629.000000,16277.000000,450.585335,421.000000,38576.477989,12.095195
13144.000000,16281.000000,370.951083,364.000000,8715.803999,0.599815
13334.000000,16283.000000,385.089011,372.000000,8215.241170,0.834286
13074.000000,16276.000000,383.059112,369.000000,12954.905142,6.668229
13404.000000,16278.000000,439.550730,381.000000,207418.049015,13.242487
13649.000000,16279.000000,467.543966,425.000000,89166.450204,13.126225
13271.000000,16288.000000,372.656896,362.000000,7510.593583,0.724812
13171.000000,16291.000000,367.121557,357.000000,9468.990616,0.768007
13578.000000,16286.000000,406.995000,392.000000,13337.028992,1.026807
13417.000000,16287.000000,435.638565,378.000000,208169.702616,13.194496
13752.000000,16288.000000,352.058622,375.000000,28678.586310,-0.327430
14277.000000,16291.000000,387.343692,374.000000,20990.420058,0.905511
14752.000000,16289.000000,29.185962,27.000000,457.178142,12.659587
13294.000000,16296.000000,377.290658,366.000000,7930.801412,0.765748
14780.000000,16293.000000,28.960004,26.000000,459.134563,12.545481
13066.000000,16292.000000,392.176943,375.000000,18846.427960,7.868110
13428.000000,16298.000000,430.293991,374.000000,209966.254614,13.057645
13567.000000,16298.000000,418.557102,397.000000,16657.959513,1.422629
13414.000000,16302.000000,435.297912,380.000000,209785.790378,13.040942
13216.000000,16299.000000,371.356240,360.000000,8854.131695,0.709158
14469.000000,16307.000000,365.198804,347.000000,10727.845586,2.433509
14218.000000,16312.000000,374.088227,363.000000,17199.838506,0.768350
13316.000000,16315.000000,378.801196,368.000000,8130.335146,0.806379
13705.000000,16315.000000,426.293403,416.000000,21085.041157,0.451670
13516.000000,16316.000000,406.585629,384.000000,17526.623807,1.860771
13208.000000,16321.000000,371.611411,361.000000,8543.311404,0.790482
13733.000000,16314.000000,365.665229,385.000000,28652.879694,-0.329669
14004.000000,16316.000000,413.202333,414.000000,18625.673991,-0.181831
13658.000000,16326.000000,458.477600,429.000000,19161.635637,1.848538
14164.000000,16326.000000,374.123223,358.000000,8015.966288,2.082640
13352.000000,16333.000000,396.561710,383.000000,8614.370886,0.797189
13395.000000,16329.000000,458.861386,396.000000,211711.695716,12.743786
13235.000000,16329.000000,372.809430,361.000000,8387.037696,0.861874
14632.000000,16325.000000,92.860994,34.000000,17622.217321,2.454532
13279.000000,16332.000000,370.587393,358.000000,7157.313042,0.718496
13734.000000,16331.000000,372.223802,392.000000,30651.884331,-0.254279
13796.000000,16334.000000,383.494853,405.000000,33540.119594,-0.274381
14582.000000,16346.000000,159.713656,80.000000,27467.723810,1.645874
14647.000000,16334.000000,83.946770,32.000000,16849.006773,2.843246
13461.000000,16334.000000,481.356926,405.000000,225583.896229,11.560824
14601.000000,16338.000000,131.060190,53.000000,20623.283114,1.668565
14040.000000,16343.000000,391.845603,391.000000,16828.758536,-0.049741
14081.000000,16346.000000,403.420939,390.000000,8768.917409,1.318049
14013.000000,16343.000000,398.861092,398.000000,17699.347531,-0.069423
13539.000000,16352.000000,488.295167,443.000000,36110.932482,1.765185
13404.000000,16349.000000,545.788060,409.000000,760087.728829,9.694722
13628.000000,16356.000000,488.854034,455.000000,22788.517955,1.493678
13883.000000,16357.000000,528.118224,434.000000,267063.592532,7.434823
13390.000000,16359.000000,550.469170,416.000000,700949.227973,10.190869
13418.000000,16359.000000,540.019116,415.000000,702395.073549,10.192435
13914.000000,16357.000000,537.817665,437.000000,289890.180655,6.976708
13173.000000,16372.000000,399.653367,377.000000,25083.362249,6.792927
13298.000000,16370.000000,385.638271,372.000000,8631.425470,0.740991
14348.000000,16370.000000,340.425743,327.000000,7184.469170,1.462708
13801.000000,16362.000000,408.837663,412.000000,28107.314888,-0.144541
13522.000000,16373.000000,488.440545,439.000000,35344.170002,2.100057
13498.000000,16372.000000,460.290070,420.000000,33811.685196,2.000177
13718.000000,16369.000000,417.172728,406.000000,20706.559323,0.518954
14383.000000,16375.000000,340.357318,327.000000,6873.184450,1.395872
14578.000000,16378.000000,175.498383,89.000000,35045.740636,1.771806
13282.000000,16387.000000,389.494461,373.000000,9750.474653,0.867799
14527.000000,16387.000000,312.670621,298.000000,49681.024927,1.184590
14198.000000,16384.000000,381.605823,364.000000,11748.689150,1.722607
14267.000000,16384.000000,359.807078,342.000000,8989.041695,1.465311
13666.000000,16385.000000,440.837761,420.000000,19329.787128,1.317796
14337.000000,16387.000000,340.594059,327.000000,6709.372414,1.060223
13320.000000,16395.000000,419.891873,399.000000,14777.616482,1.514302
13438.000000,16397.000000,559.372905,425.000000,701604.138170,10.146417
14433.000000,16389.000000,339.882757,326.000000,7739.193391,2.071219
13617.000000,16397.000000,461.270366,437.000000,17188.297454,1.668906
13063.000000,16405.000000,365.829036,357.000000,9629.040667,0.560766
14271.000000,16406.000000,342.913734,326.000000,9002.570541,1.521783
13146.000000,16404.000000,402.458877,378.000000,28949.292912,5.976997
14503.000000,16397.000000,345.562396,318.000000,42970.414130,1.287904
14242.000000,16405.000000,344.803059,331.000000,9558.414405,1.271188
13355.000000,16408.000000,453.657975,409.000000,89237.738817,13.325312
13578.000000,16407.000000,482.075287,455.000000,21691.738083,1.646973
14622.000000,16406.000000,160.910499,50.000000,30921.787402,1.372804
13236.000000,16414.000000,424.467601,393.000000,38176.006621,5.657304
13163.000000,16413.000000,436.050387,392.000000,62229.894334,6.516989
14529.000000,16413.000000,280.594452,265.000000,56115.027276,1.144009
13683.000000,16419.000000,414.479267,406.000000,15023.810790,0.366941
13298.000000,16414.000000,421.449760,405.000000,11945.191305,0.693726
14128.000000,16420.000000,380.371728,361.000000,11132.375885,1.501368
14585.000000,16413.000000,173.001961,72.000000,32863.112044,1.389578
13138.000000,16421.000000,419.100676,372.000000,74940.714205,6.210306
14162.000000,16427.000000,357.653759,342.000000,9367.766599,1.515852
14513.000000,16423.000000,300.665719,291.000000,59002.976973,1.071122
13283.000000,16425.000000,425.542888,409.000000,13092.206204,0.702746
14491.000000,16427.000000,353.464366,330.000000,45903.356857,1.174085
13447.000000,16426.000000,548.800412,421.000000,700549.688426,10.207569
13516.000000,16429.000000,479.398882,446.000000,30133.238109,1.843267
14599.000000,16424.000000,182.875993,102.000000,31308.127843,1.135232
14624.000000,16430.000000,173.897265,76.000000,30747.371663,1.147446
13490.000000,16429.000000,465.393393,434.000000,28144.894257,1.899248
14480.000000,16428.000000,371.715126,341.000000,38054.172940,1.360220
13575.000000,16435.000000,465.367905,449.000000,18445.410867,1.061868
14544.000000,16433.000000,214.158710,86.000000,59057.321444,1.636258
13222.000000,16434.000000,416.515342,388.000000,38911.723542,5.596862
13388.000000,16437.000000,550.035487,435.000000,616604.152059,11.314951
13469.000000,16440.000000,453.425154,428.000000,21996.487512,1.194140
13372.000000,16434.000000,562.622684,436.000000,690868.567857,10.368361
13610.000000,16439.000000,453.901578,437.000000,13527.708576,0.949204
13822.000000,16439.000000,414.941574,400.000000,10096.768472,1.141328
14082.000000,16442.000000,400.478384,385.000000,10885.531564,0.949799
13109.000000,16444.000000,399.101265,361.000000,62011.246779,6.881714
13678.000000,16443.000000,405.693952,402.000000,12956.735273,0.147677
14500.000000,16448.000000,301.283600,302.000000,55876.450990,0.954090
13554.000000,16448.000000,481.478188,457.000000,23448.591452,1.183728
14098.000000,16445.000000,383.343202,366.000000,10693.471371,1.066763
13534.000000,16454.000000,495.920302,464.000000,28115.928851,1.245039
13053.000000,16463.000000,362.338398,354.000000,9080.156440,0.474031
13331.000000,16455.000000,467.627684,450.000000,15469.689633,0.813131
14069.000000,16451.000000,412.905892,397.000000,10836.275233,1.009004
13242.000000,16458.000000,431.843643,403.000000,40382.765181,5.120836
13312.000000,16457.000000,458.481521,443.000000,15363.605016,0.591430
14111.000000,16459.000000,372.376238,355.000000,10230.391530,1.128665
14641.000000,16456.000000,184.525537,73.000000,39059.328654,1.556003
14313.000000,16458.000000,322.394667,307.000000,7767.531131,1.579217
14472.000000,16459.000000,351.520831,337.000000,38963.828823,0.921741
14625.000000,16467.000000,218.976865,186.000000,42564.437657,1.342167
13197.000000,16464.000000,428.609352,394.000000,47224.809359,5.248419
13402.000000,16461.000000,451.385060,425.000000,17862.932603,1.440724
13675.000000,16460.000000,405.917067,401.000000,12997.463566,0.152447
14094.000000,16462.000000,387.174689,369.000000,10907.065259,1.043860
14453.000000,16469.000000,371.479659,351.000000,29404.378005,1.176873
13128.000000,16467.000000,410.075287,376.000000,61975.386352,6.773332
13511.000000,16463.000000,490.442604,458.000000,28977.735383,1.326600
13178.000000,16471.000000,456.572885,400.000000,86079.888840,5.417943
14423.000000,16472.000000,377.773159,355.000000,16359.664061,1.388333
14610.000000,16478.000000,221.125870,187.000000,40633.802802,1.337867
13106.000000,16481.000000,411.786295,378.000000,60054.899336,7.079426
13318.000000,16478.000000,463.917263,446.000000,16145.997664,0.609902
14492.000000,16485.000000,243.797275,210.000000,56315.633248,1.094683
13781.000000,16476.000000,426.367219,410.000000,10929.195216,1.104158
13447.000000,16479.000000,475.668268,441.000000,26825.910540,1.478739
14432.000000,16488.000000,399.273993,371.000000,33041.865816,1.467734
13397.000000,16484.000000,460.063817,435.000000,17339.482350,1.369696
13423.000000,16490.000000,451.550240,430.000000,18897.576365,1.193143
13546.000000,16488.000000,494.829821,465.000000,25260.731945,1.154443
13495.000000,16487.000000,504.041859,469.000000,30316.178916,1.322610
13591.000000,16494.000000,456.353103,438.000000,17394.159997,0.818469
14256.000000,16483.000000,313.159592,302.000000,6457.564767,1.384615
13450.000000,16499.000000,489.721694,456.000000,26836.762757,1.351299
13755.000000,16495.000000,432.312812,416.000000,9585.161535,1.160160
14463.000000,16504.000000,306.483972,305.000000,57215.853115,0.890438
14006.000000,16493.000000,408.097343,399.000000,10443.802209,0.591514
13142.000000,16505.000000,425.504460,390.000000,56909.598279,7.360446
13255.000000,16506.000000,433.803255,414.000000,24808.934039,4.904272
13887.000000,16494.000000,442.944711,408.000000,48687.845389,8.829201
14579.000000,16507.000000,154.848152,77.000000,25031.366904,1.549107
13168.000000,16499.000000,437.162239,398.000000,58569.797323,7.139296
13670.000000,16507.000000,539.098912,418.000000,398554.140692,6.170016
13946.000000,16501.000000,447.972552,402.000000,120444.970916,12.561270
14201.000000,16505.000000,322.104990,306.000000,7947.003093,1.981605
14617.000000,16503.000000,203.215175,154.000000,37416.880374,1.553622
13208.000000,16514.000000,408.425547,399.000000,10134.220145,0.631044
13059.000000,16511.000000,385.250760,381.000000,9839.418151,0.466947
13298.000000,16518.000000,449.731889,427.000000,25044.396208,4.775945
13842.000000,16510.000000,426.870013,409.000000,11474.606376,2.479250
14468.000000,16517.000000,255.716008,222.000000,59456.065315,1.133373
13570.000000,16518.000000,484.909225,443.000000,38849.021855,2.279796
13807.000000,16519.000000,443.545731,426.000000,11987.442497,2.178297
13479.000000,16526.000000,501.398000,469.000000,43196.931097,1.087645
13643.000000,16526.000000,568.534163,433.000000,407347.457538,5.882173
14365.000000,16532.000000,339.107342,302.000000,42873.304721,1.677459
14049.000000,16526.000000,380.253799,368.000000,9090.441909,0.900110
14342.000000,16531.000000,318.435448,297.000000,27560.987133,1.281831
13140.000000,16530.000000,402.497598,391.000000,10459.336750,1.170701
13093.000000,16528.000000,413.406333,406.000000,12754.375135,1.094903
13541.000000,16540.000000,501.397118,452.000000,40468.040807,2.314487
14775.000000,16531.000000,32.363494,26.000000,1998.507221,7.951003
14619.000000,16540.000000,152.718753,55.000000,33173.776699,2.280065
14448.000000,16548.000000,253.228213,187.000000,68070.371407,1.428362
13751.000000,16536.000000,447.415449,427.000000,11512.062281,1.194469
13317.000000,16546.000000,481.109009,435.000000,91638.223976,11.225178
13934.000000,16539.000000,408.818351,394.000000,9521.654779,1.528525
13106.000000,16543.000000,404.297618,400.000000,10954.562928,0.254789
13447.000000,16540.000000,491.933536,459.000000,41923.791681,0.997736
13499.000000,16547.000000,513.630232,463.000000,47203.811904,1.517883
14591.000000,16545.000000,165.775022,120.000000,25854.881156,1.589471
13207.000000,16548.000000,412.093324,400.000000,10736.713377,0.581428
13675.000000,16548.000000,554.765513,429.000000,402507.957564,6.041148
14401.000000,16548.000000,332.045192,293.000000,61384.472127,1.280328
14054.000000,16544.000000,366.859328,357.000000,8586.389485,0.949920
13373.000000,16552.000000,435.476130,416.000000,14191.161890,1.404071
13403.000000,16555.000000,422.951769,413.000000,19208.769559,0.256770
14323.000000,16546.000000,288.619057,280.000000,30565.470802,0.959146
13900.000000,16551.000000,419.076169,403.000000,11264.650703,2.461938
13288.000000,16555.000000,475.115185,434.000000,92009.413749,11.191445
14736.000000,16553.000000,34.703068,26.000000,2608.101323,7.796509
13464.000000,16554.000000,495.545437,465.000000,38692.843956,0.851363
13618.000000,16555.000000,464.845701,426.000000,33818.837284,2.905803
14330.000000,16562.000000,260.581414,255.000000,42780.901347,1.006861
14608.000000,16557.000000,126.843741,46.000000,20096.715511,1.754901
14416.000000,16564.000000,284.217822,239.000000,65958.536810,1.367578
14058.000000,16563.000000,360.273209,352.000000,7460.974568,0.771320
14529.000000,16559.000000,134.446525,48.000000,18813.371932,1.327715
13667.000000,16575.000000,551.526615,427.000000,403979.981083,6.022594
13487.000000,16568.000000,502.038330,462.000000,49365.484758,1.491468
13225.000000,16578.000000,418.628174,409.000000,11175.372087,0.513439
14205.000000,16573.000000,341.436134,316.000000,15670.067899,3.579911
14562.000000,16575.000000,141.832369,70.000000,18767.079635,1.257100
13611.000000,16578.000000,468.826488,433.000000,30141.275648,2.728115
13066.000000,16579.000000,399.716106,400.000000,15363.336520,0.098192
13531.000000,16580.000000,500.994510,449.000000,40817.660591,2.383243
14386.000000,16581.000000,233.402902,169.000000,59183.897468,1.671297
13120.000000,16584.000000,398.663366,388.000000,11055.689442,0.547811
13503.000000,16582.000000,514.174101,464.000000,43576.460621,2.000990
14281.000000,16581.000000,332.769925,301.000000,56102.050879,1.596451
13876.000000,16578.000000,412.496324,397.000000,11634.317431,2.305729
14423.000000,16595.000000,176.615528,84.000000,38743.583776,1.929306
13208.000000,16590.000000,416.728850,407.000000,12826.697775,0.406202
13694.000000,16587.000000,550.308597,425.000000,403801.955743,6.032165
13052.000000,16587.000000,404.629742,401.000000,18980.807228,1.877487
13182.000000,16588.000000,403.951377,392.000000,11601.205557,0.588089
13317.000000,16592.000000,461.397118,422.000000,82904.677019,12.626184
13476.000000,16592.000000,490.023037,456.000000,40964.594999,1.419965
14543.000000,16593.000000,146.794530,57.000000,22720.843970,1.282644
13265.000000,16598.000000,462.487991,426.000000,83327.831073,12.511119
13358.000000,16593.000000,440.067052,417.000000,17145.911002,2.207475
13715.000000,16597.000000,498.488383,417.000000,234152.157521,7.881977
13858.000000,16593.000000,432.459171,403.000000,41768.271860,10.955711
14565.000000,16591.000000,132.947162,47.000000,20391.067593,1.677594
14494.000000,16596.000000,173.049211,45.000000,38025.461160,1.243069
14522.000000,16601.000000,176.608666,68.000000,33617.517086,1.130113
13872.000000,16601.000000,412.448878,393.000000,11737.821154,1.702517
14228.000000,16605.000000,403.319282,346.000000,42362.887668,2.251812
13566.000000,16603.000000,463.953142,427.000000,33692.357181,3.283178
14261.000000,16605.000000,363.071169,328.000000,59907.816129,1.364471
13167.000000,16603.000000,404.386433,394.000000,11788.865276,0.576651
13447.000000,16613.000000,499.284776,464.000000,33786.691866,1.231239
14404.000000,16614.000000,125.061955,42.000000,21190.340049,1.839888
13667.000000,16613.000000,439.865797,419.000000,30168.315977,10.426205
14284.000000,16619.000000,265.395353,224.000000,71220.281790,1.503446
14205.000000,16616.000000,384.255367,336.000000,30506.345630,2.696923
13362.000000,16621.000000,481.246741,458.000000,19907.087732,1.373261
14097.000000,16620.000000,330.987942,324.000000,6802.036616,0.689798
14510.000000,16616.000000,193.186158,67.000000,39440.749680,0.966081
13169.000000,16623.000000,409.907656,400.000000,12437.312324,0.588423
13119.000000,16629.000000,397.052054,385.000000,11480.035032,0.608803
13253.000000,16622.000000,486.262621,430.000000,158828.099935,10.734547
13402.000000,16628.000000,469.901676,444.000000,19450.664678,1.129895
14481.000000,16626.000000,194.851485,54.000000,41933.016371,0.948913
13768.000000,16624.000000,447.682384,400.000000,83785.855007,8.200499
13999.000000,16626.000000,391.712283,380.000000,9145.418935,1.192257
13927.000000,16627.000000,399.091756,388.000000,8731.170485,0.673280
14210.000000,16631.000000,400.223606,348.000000,41125.810308,2.270796
13559.000000,16631.000000,428.422900,415.000000,12594.830077,3.716074
13201.000000,16635.000000,425.979120,417.000000,12389.058774,0.468508
14496.000000,16637.000000,194.153122,52.000000,42981.265643,0.958990
14197.000000,16649.000000,388.492599,346.000000,32074.245240,2.181595
14395.000000,16639.000000,138.426527,41.000000,28338.222447,1.701539
14601.000000,16638.000000,41.396530,28.000000,5481.401729,7.539320
13829.000000,16634.000000,444.360063,394.000000,85172.913488,8.057218
13276.000000,16641.000000,474.784531,435.000000,94056.257661,13.621570
13360.000000,16639.000000,486.736202,464.000000,22268.600639,1.556307
13937.000000,16639.000000,387.751593,377.000000,8164.269046,0.739180
14272.000000,16643.000000,257.041467,158.000000,77813.229630,1.492184
13609.000000,16643.000000,515.534751,427.000000,388782.432696,8.369560
14473.000000,16640.000000,205.541418,70.000000,44215.918317,0.869974
13890.000000,16646.000000,386.031566,375.000000,7939.846077,0.869358
14240.000000,16642.000000,375.901186,345.000000,67523.690461,1.183492
13159.000000,16653.000000,415.998824,403.000000,12555.531613,0.711095
14931.000000,16649.000000,88.732281,31.000000,14533.412789,2.032397
13984.000000,16651.000000,378.679541,372.000000,6934.733401,0.554827
14476.000000,16659.000000,192.338594,60.000000,42635.007597,1.009260
13320.000000,16660.000000,463.640820,440.000000,19835.740218,1.858112
14911.000000,16655.000000,77.639251,32.000000,11452.454509,2.341764
13975.000000,16661.000000,375.130085,367.000000,7157.578510,0.583824
14393.000000,16664.000000,191.549750,84.000000,39924.112832,1.273148
13205.000000,16664.000000,442.576708,422.000000,44922.614864,17.160643
13427.000000,16664.000000,497.966768,461.000000,29657.053596,1.409004
13450.000000,16666.000000,481.254877,445.000000,28229.803286,1.644168
13474.000000,16669.000000,439.422508,418.000000,16711.563473,1.540723
13137.000000,16670.000000,413.120772,399.000000,11660.100305,0.693946
13337.000000,16668.000000,481.851093,459.000000,21548.075758,1.738455
13663.000000,16663.000000,647.754534,417.000000,1251139.004348,6.673458
14135.000000,16662.000000,333.437212,326.000000,7984.610728,0.894767
13237.000000,16672.000000,469.830997,432.000000,91347.832040,14.179760
14241.000000,16671.000000,324.502402,301.000000,79122.295676,1.254614
14447.000000,16674.000000,211.270072,134.000000,39300.020288,0.857209
13563.000000,16671.000000,422.141751,413.000000,13743.324089,0.564959
13194.000000,16668.000000,427.612587,414.000000,12595.308984,0.633047
13366.000000,16677.000000,505.199294,476.000000,22807.086152,1.229325
14422.000000,16673.000000,223.584256,168.000000,38785.627667,0.836741
13321.000000,16680.000000,479.654152,454.000000,22066.194280,1.703818
14195.000000,16674.000000,400.943927,361.000000,34754.191543,1.892272
14906.000000,16675.000000,74.158514,32.000000,10581.766168,2.514242
13291.000000,16683.000000,503.076953,457.000000,97070.832329,12.801970
13444.000000,16691.000000,472.079012,435.000000,28591.495179,1.857267
14218.000000,16684.000000,368.794432,353.000000,51893.108707,0.952732
13050.000000,16687.000000,385.365748,377.000000,17480.628996,1.596563
14165.000000,16686.000000,389.767376,351.000000,27864.092048,2.180591
14196.000000,16690.000000,425.667876,375.000000,44525.526004,1.454188
14094.000000,16690.000000,351.464660,347.000000,8440.581660,0.952849
14414.000000,16687.000000,208.285168,134.000000,39519.055528,1.096348
13487.000000,16695.000000,427.292226,409.000000,13236.015672,1.160778
14401.000000,16694.000000,200.177532,107.000000,40310.917507,1.180868
14648.000000,16689.000000,39.727282,28.000000,3980.536153,7.670096
14428.000000,16693.000000,203.914812,132.000000,35913.053717,0.818006
13623.000000,16696.000000,609.574650,415.000000,1204778.642036,7.064862
13412.000000,16698.000000,487.593667,448.000000,29410.211229,1.791870
13786.000000,16697.000000,391.963141,374.000000,9760.223717,1.425923
13983.000000,16700.000000,384.285168,374.000000,7247.848000,0.609537
14438.000000,16701.000000,183.251446,87.000000,33878.726599,1.021168
14021.000000,16705.000000,384.699343,378.000000,7473.609145,0.556841
14476.000000,16718.000000,93.017449,35.000000,17293.723252,2.498927
14852.000000,16706.000000,32.611411,30.000000,236.702248,2.102103
13317.000000,16713.000000,454.974022,429.000000,20084.068240,1.213586
14320.000000,16714.000000,188.921772,49.000000,41421.378647,1.149481
13138.000000,16723.000000,377.722282,382.000000,18246.102757,-0.192656
13995.000000,16722.000000,387.033428,378.000000,7577.409431,0.623704
14204.000000,16726.000000,490.522792,473.000000,58517.240952,0.462795
14231.000000,16726.000000,419.611901,414.000000,78222.265123,0.376898
14292.000000,16719.000000,206.263700,75.000000,44300.820767,0.927490
13244.000000,16726.000000,438.305852,422.000000,15188.641676,0.913280
13296.000000,16725.000000,454.628076,431.000000,17709.798933,1.285732
13335.000000,16730.000000,444.940300,419.000000,18860.067311,1.448482
14244.000000,16725.000000,375.418292,354.000000,80075.622993,0.547096
13466.000000,16729.000000,443.803255,408.000000,24143.423991,2.233659
14848.000000,16728.000000,32.232232,30.000000,222.477879,2.130602
13096.000000,16731.000000,312.082835,338.000000,27488.823351,-0.125954
13221.000000,16734.000000,425.552495,412.000000,12718.740529,0.879633
13183.000000,16736.000000,405.723360,393.000000,13273.452340,0.876258
14131.000000,16741.000000,436.809921,405.000000,20412.517835,1.495552
13620.000000,16743.000000,495.883541,407.000000,454258.860665,9.812479
14311.000000,16744.000000,239.418881,229.000000,37391.014520,0.612654
14176.000000,16738.000000,513.309087,487.000000,38113.802612,0.923307
13965.000000,16745.000000,382.637290,371.000000,7528.617584,0.754236
14676.000000,16739.000000,47.541810,28.000000,6131.968279,5.448827
13078.000000,16743.000000,288.401235,323.000000,31879.722061,-0.015981
13266.000000,16744.000000,432.398588,412.000000,15243.293730,1.470097
13900.000000,16744.000000,368.955691,356.000000,6876.068422,0.970821
13136.000000,16749.000000,329.838349,357.000000,27765.844960,-0.215264
14330.000000,16745.000000,229.571415,200.000000,40050.651331,0.987504
14229.000000,16752.000000,441.786197,429.000000,61787.719115,0.422744
14181.000000,16751.000000,515.806097,487.000000,36385.281488,0.959879
14839.000000,16751.000000,30.438388,29.000000,164.446577,1.439429
14139.000000,16760.000000,445.365062,408.000000,24222.388835,1.365461
13206.000000,16762.000000,418.895598,407.000000,11295.408863,0.882315
13793.000000,16761.000000,382.068817,368.000000,7711.974678,1.563921
14262.000000,16758.000000,339.397314,317.000000,54814.371796,0.699037
14448.000000,16759.000000,89.384472,35.000000,16007.604951,2.955587
13231.000000,16768.000000,424.031860,412.000000,11703.216415,0.815888
13700.000000,16767.000000,382.113518,364.000000,9609.280516,1.692624
13136.000000,16775.000000,288.616606,332.000000,32692.491672,0.020517
13879.000000,16771.000000,369.893932,359.000000,6531.848175,0.845151
14276.000000,16771.000000,292.308695,269.000000,51979.993228,0.957490
13944.000000,16778.000000,383.001470,370.000000,7145.737180,0.839051
14326.000000,16773.000000,200.462308,161.000000,31690.697359,0.841424
14413.000000,16775.000000,119.786492,38.000000,23971.203311,2.273594
13345.000000,16784.000000,428.074404,403.000000,18179.309727,2.145113
14418.000000,16786.000000,115.443094,38.000000,22275.695443,2.400724
14436.000000,16783.000000,99.023821,35.000000,20908.751810,2.829756
14298.000000,16781.000000,215.583766,196.000000,34426.026338,0.759970
14266.000000,16788.000000,288.861680,268.000000,56367.598062,0.900812
14365.000000,16793.000000,183.466915,125.000000,31656.732387,1.271824
14396.000000,16789.000000,156.715224,51.000000,30092.887337,1.564550
14028.000000,16786.000000,376.200569,367.000000,7024.085446,0.744132
14134.000000,16794.000000,407.694834,380.000000,17239.866191,1.018028
13385.000000,16789.000000,472.867464,419.000000,43002.760985,2.347867
14060.000000,16797.000000,372.079404,362.000000,7166.717350,0.804880
13921.000000,16798.000000,378.500441,365.000000,7317.025610,0.958928
13130.000000,16805.000000,225.283208,252.000000,33912.613157,0.469436
13325.000000,16799.000000,419.950789,401.000000,12478.804166,1.317636
14247.000000,16808.000000,261.034310,265.000000,40065.226742,0.493141
13710.000000,16810.000000,387.303598,371.000000,9250.568646,1.222369
13167.000000,16811.000000,352.957161,367.000000,19662.777990,-0.236822
13411.000000,16808.000000,473.327125,418.000000,41703.838387,2.458723
14812.000000,16808.000000,28.616312,28.000000,119.921600,1.617650
14353.000000,16806.000000,187.618567,136.000000,30673.155067,1.191340
14391.000000,16813.000000,173.129007,113.000000,30064.974044,1.402969
13062.000000,16812.000000,226.798549,241.000000,35608.767868,0.400358
14003.000000,16815.000000,379.602588,371.000000,6931.252122,0.800845
13825.000000,16814.000000,373.347907,360.000000,7089.099919,1.342343
13280.000000,16819.000000,434.669738,418.000000,13247.270498,0.697937
14347.000000,16821.000000,192.580041,159.000000,28263.016459,1.011089
14632.000000,16822.000000,72.337712,31.000000,17596.270521,5.440409
13051.000000,16828.000000,282.949417,318.000000,33136.201343,-0.021717
13246.000000,16826.000000,441.985786,423.000000,13008.902357,0.834116
13161.000000,16825.000000,346.437996,368.000000,26779.854233,-0.179860
13842.000000,16829.000000,374.990589,364.000000,6790.610832,1.351295
14810.000000,16831.000000,28.949319,28.000000,117.649916,1.460981
13354.000000,16828.000000,449.036957,410.000000,32414.698664,3.246691
13069.000000,16838.000000,238.990393,259.000000,35454.001476,0.340227
13190.000000,16838.000000,416.065582,403.000000,11477.075299,0.914456
13426.000000,16836.000000,522.824527,430.000000,182588.562877,7.120362
13270.000000,16846.000000,450.059896,426.000000,22531.164239,3.205435
14337.000000,16845.000000,183.060190,131.000000,29469.932462,1.082324
14360.000000,16838.000000,203.702578,170.000000,32427.150438,1.081244
13134.000000,16849.000000,287.790609,329.000000,37365.995367,0.147358
13220.000000,16847.000000,442.710323,420.000000,21909.442702,3.356239
13815.000000,16843.000000,370.558769,359.000000,7129.369377,1.418513
13164.000000,16848.000000,372.699539,382.000000,22634.841691,-0.087535
14813.000000,16854.000000,30.566905,29.000000,160.489421,2.005806
14790.000000,16847.000000,29.916675,29.000000,135.852482,1.487885
13650.000000,16852.000000,387.062935,373.000000,8636.676561,0.941556
13052.000000,16855.000000,324.941084,347.000000,30461.456876,-0.108471
14225.000000,16855.000000,193.824821,136.000000,31209.495143,0.618636
14103.000000,16860.000000,378.055191,367.000000,11988.713844,1.969853
13314.000000,16869.000000,413.619547,397.000000,13869.620083,0.954006
13618.000000,16865.000000,396.749534,381.000000,9607.288605,1.080620
14798.000000,16866.000000,32.131556,30.000000,223.794476,2.530956
14783.000000,16872.000000,33.524556,30.000000,342.339976,3.447649
14324.000000,16878.000000,182.997745,81.000000,43329.120963,2.207597
13089.000000,16872.000000,320.665425,336.000000,42225.466434,0.312378
14812.000000,16874.000000,33.923733,30.000000,379.143875,3.575495
13900.000000,16878.000000,384.608764,377.000000,8775.554708,0.624404
13529.000000,16880.000000,434.466229,400.000000,29924.025156,5.271053
13111.000000,16881.000000,367.936183,386.000000,43214.851824,0.067420
13351.000000,16885.000000,506.730713,394.000000,382184.917289,6.485037
14380.000000,16886.000000,233.954416,158.000000,73436.163102,2.581538
13397.000000,16887.000000,542.903245,400.000000,467373.060436,5.763062
14354.000000,16898.000000,318.091756,247.000000,102503.885513,2.033302
13131.000000,16897.000000,412.146750,421.000000,35650.465770,-0.070398
13074.000000,16899.000000,397.608862,401.000000,32561.743492,0.040959
13112.000000,16903.000000,420.319773,421.000000,32942.400637,0.004050
14796.000000,16902.000000,38.427507,32.000000,705.158185,3.183555
14817.000000,16901.000000,38.068523,32.000000,687.569366,3.171881
13520.000000,16901.000000,427.728948,391.000000,30973.707827,5.126623
13476.000000,16902.000000,427.027938,392.000000,29995.188221,5.297782
14575.000000,16909.000000,48.874816,30.000000,4951.868556,4.427453
13848.000000,16910.000000,399.400255,387.000000,8605.159176,0.958538
13346.000000,16913.000000,473.716106,396.000000,223125.390044,7.973607
13925.000000,16918.000000,405.419371,394.000000,11066.929314,0.856582
13221.000000,16912.000000,574.642192,446.000000,464913.220861,7.579182
13282.000000,16909.000000,561.718557,437.000000,460385.330161,7.692345
13191.000000,16919.000000,465.379277,436.000000,32923.852914,5.909710
13554.000000,16912.000000,395.776983,376.000000,11486.066232,1.525178
14396.000000,16912.000000,295.513381,225.000000,104754.398826,1.993423
14363.000000,16925.000000,417.527105,358.000000,108181.747550,1.568655
13943.000000,16926.000000,398.788158,387.000000,11190.616529,0.965909
14248.000000,16927.000000,129.813254,41.000000,26579.918954,1.894042
14319.000000,16935.000000,344.293109,319.000000,82567.979571,1.060257
13722.000000,16936.000000,378.637683,369.000000,8779.009399,0.585147
13808.000000,16934.000000,396.033820,383.000000,7999.445283,0.924178
14044.000000,16939.000000,384.221939,376.000000,8194.625187,0.568914
13497.000000,16942.000000,429.235369,385.000000,57842.676981,7.579435
14017.000000,16942.000000,387.113518,378.000000,7609.138177,0.624773
14220.000000,16939.000000,158.252426,53.000000,31219.154495,1.619906
13083.000000,16945.000000,488.622292,461.000000,21208.180932,1.326079
13346.000000,16947.000000,403.270758,379.000000,20165.902575,6.438678
14151.000000,16942.000000,272.436918,291.000000,38245.373361,0.803015
14444.000000,16942.000000,258.627193,140.000000,86362.076190,2.313241
14425.000000,16951.000000,356.349966,326.000000,102981.066623,1.753881
14348.000000,16951.000000,464.476326,397.000000,94312.494906,1.694674
14199.000000,16950.000000,178.112244,78.000000,30702.186892,1.197493
14279.000000,16963.000000,336.689932,308.000000,80877.895918,1.450529
13656.000000,16947.000000,384.253603,365.000000,10595.577191,1.929215
13137.000000,16957.000000,561.099010,477.000000,219998.586609,7.234862
14389.000000,16958.000000,425.285168,372.000000,90829.910935,1.876391
13545.000000,16957.000000,416.120380,369.000000,64362.309987,7.511165
14449.000000,16957.000000,296.780120,271.000000,83775.052231,2.255199
14128.000000,16957.000000,283.541025,299.000000,32599.141367,0.793053
13952.000000,16960.000000,393.549946,379.000000,9970.721969,1.151923
14801.000000,16965.000000,55.942947,33.000000,3599.515224,2.751938
14504.000000,16961.000000,247.892167,177.000000,87364.654581,2.597466
14790.000000,16957.000000,54.563474,33.000000,3348.205387,2.853462
14139.000000,16960.000000,256.646995,259.000000,35573.238293,0.964506
13121.000000,16967.000000,641.455642,482.000000,632333.811997,6.101103
14080.000000,16966.000000,348.581708,346.000000,21706.164508,1.138347
13833.000000,16960.000000,396.246054,382.000000,8328.445682,1.021383
14474.000000,16965.000000,299.388491,271.000000,87088.937301,2.309095
13916.000000,16974.000000,397.324772,385.000000,11421.260958,0.775123
13421.000000,16976.000000,392.935202,381.000000,9579.013251,1.039580
13371.000000,16971.000000,400.565239,379.000000,13290.396121,1.934662
14107.000000,16975.000000,298.964709,310.000000,35607.629771,0.907291
14556.000000,16979.000000,200.434271,45.000000,64077.894342,2.416584
14184.000000,16976.000000,197.959808,114.000000,37124.237381,1.361818
14266.000000,16978.000000,343.677679,328.000000,73111.508108,1.531050
14169.000000,16988.000000,191.751691,111.000000,37912.417217,1.768859
14341.000000,16984.000000,471.166944,395.000000,68973.739505,2.317952
14522.000000,16988.000000,301.011960,285.000000,76001.336197,2.838977
14800.000000,16991.000000,58.977551,33.000000,4196.321915,2.476489
13207.000000,16989.000000,1308.744143,504.000000,4878966.873072,3.111549
13549.000000,16986.000000,387.327517,354.000000,46159.652658,9.989275
13080.000000,16991.000000,820.711597,475.000000,1952611.421578,4.978232
13141.000000,16991.000000,603.633663,451.000000,572992.733065,6.102301
14356.000000,16993.000000,438.920792,377.000000,42674.659739,2.191495
14217.000000,16993.000000,269.670621,235.000000,77790.780834,2.869035
14240.000000,16988.000000,315.779139,297.000000,76924.778885,2.406616
14306.000000,16990.000000,432.119400,374.000000,58066.428445,1.992673
14584.000000,16998.000000,176.661700,38.000000,62142.722824,2.682893
13984.000000,16994.000000,381.310460,373.000000,8535.888028,0.557743
14427.000000,17003.000000,393.897657,355.000000,35271.214896,2.049782
13240.000000,17006.000000,1267.528772,450.000000,4951870.597962,3.094706
13097.000000,17008.000000,817.323400,472.000000,1956469.574562,4.969770
14265.000000,17000.000000,394.209783,360.000000,89300.185576,2.491394
14236.000000,17002.000000,342.028036,318.000000,84585.078912,2.609126
14277.000000,17001.000000,412.041761,366.000000,85171.631037,2.638098
14368.000000,17005.000000,397.510832,361.000000,22902.323209,1.863604
13400.000000,17008.000000,388.890599,375.000000,9245.423577,0.974706
13660.000000,17004.000000,369.761690,359.000000,8102.536582,0.730015
14128.000000,17007.000000,181.856975,87.000000,35346.649968,1.833012
13686.000000,17009.000000,370.647191,360.000000,8299.008258,0.769208
13744.000000,17006.000000,418.398686,381.000000,69179.583525,11.260989
13812.000000,17012.000000,442.050583,386.000000,143960.920488,9.894660
14102.000000,17011.000000,203.899618,169.000000,32239.846408,1.222739
14230.000000,17017.000000,366.338888,339.000000,76712.280900,2.844398
14804.000000,17011.000000,55.846486,31.000000,4138.186805,2.616467
14788.000000,17018.000000,54.194099,31.000000,4021.856454,2.750570
14249.000000,17023.000000,415.215763,365.000000,77211.796305,3.017944
13365.000000,17022.000000,411.530144,388.000000,23690.287519,7.612024
13647.000000,17019.000000,365.015783,355.000000,7835.726542,0.715718
14425.000000,17020.000000,378.070777,347.000000,19406.368287,2.521777
14181.000000,17028.000000,273.890403,271.000000,45359.763697,1.344710
13211.000000,17035.000000,1072.561318,430.000000,3931984.179776,3.540507
14543.000000,17043.000000,330.277130,308.000000,33588.686164,3.636276
14056.000000,17041.000000,319.058524,268.000000,437572.601320,10.294658
13411.000000,17036.000000,427.964905,388.000000,50263.179437,6.294656
14769.000000,17044.000000,47.267719,31.000000,2715.397496,3.302069
13175.000000,17047.000000,495.111754,409.000000,179306.319439,6.812521
14168.000000,17041.000000,269.386727,267.000000,42186.877499,1.364606
13516.000000,17043.000000,367.521027,349.000000,15626.536000,8.809202
14155.000000,17044.000000,252.094304,246.000000,44078.270099,1.415642
13051.000000,17050.000000,767.300069,436.000000,1917263.056415,5.156734
13327.000000,17052.000000,411.342123,396.000000,11044.746789,1.007795
13196.000000,17057.000000,612.880306,405.000000,883346.931953,6.065542
13484.000000,17058.000000,374.451524,358.000000,8457.307350,1.133615
13606.000000,17065.000000,370.371924,355.000000,8251.761094,1.407700
14548.000000,17066.000000,285.453093,300.000000,17587.070660,0.094896
14115.000000,17072.000000,246.292128,214.000000,66415.259235,2.146998
13914.000000,17069.000000,412.755024,400.000000,8940.522381,0.800328
14150.000000,17072.000000,307.761592,302.000000,51001.012861,1.922424
13058.000000,17086.000000,435.441427,395.000000,38037.398417,5.232712
14206.000000,17083.000000,386.205764,348.000000,39330.984717,6.075635
13102.000000,17087.000000,416.892756,391.000000,20311.874784,4.354711
13181.000000,17089.000000,408.944221,395.000000,10620.330876,1.404621
14119.000000,17091.000000,310.292324,296.000000,66945.831810,1.750092
13853.000000,17096.000000,531.178610,419.000000,467210.224348,8.818184
14019.000000,17091.000000,367.997157,324.000000,456127.507785,9.557022
13825.000000,17098.000000,585.958239,417.000000,751261.493011,7.054272
14099.000000,17093.000000,258.073032,225.000000,65354.389432,1.922789
13380.000000,17095.000000,524.021665,415.000000,213028.793472,5.183230
13298.000000,17100.000000,406.371532,392.000000,9176.003715,1.165768
14087.000000,17101.000000,241.652289,201.000000,61369.404536,2.181751
14094.000000,17109.000000,288.650917,267.000000,67472.696786,1.993609
14066.000000,17114.000000,233.996471,164.000000,67475.255355,2.438047
14147.000000,17114.000000,388.596706,351.000000,36059.376419,3.323890
13650.000000,17112.000000,367.404176,351.000000,8479.097597,1.482068
13572.000000,17113.000000,347.765807,333.000000,7993.404324,1.812057
13185.000000,17121.000000,410.230075,392.000000,10127.519950,1.020968
13929.000000,17114.000000,408.965298,400.000000,9943.877435,0.563747
13236.000000,17121.000000,395.667778,380.000000,9562.894726,0.976954
13775.000000,17114.000000,546.595824,415.000000,396336.131809,6.416271
13154.000000,17125.000000,393.196255,376.000000,9629.953642,0.992851
13483.000000,17125.000000,378.504460,361.000000,9381.184398,1.555243
14129.000000,17127.000000,388.967846,353.000000,39312.532051,2.877350
13258.000000,17129.000000,396.649642,383.000000,9155.783533,0.939967
13516.000000,17127.000000,368.935104,355.000000,8917.212336,1.397918
13978.000000,17132.000000,381.299382,348.000000,354399.818614,11.183035
14060.000000,17131.000000,283.974218,222.000000,215500.247252,11.372113
13409.000000,17137.000000,467.378296,375.000000,184244.889242,6.064415
13873.000000,17135.000000,901.406137,438.000000,2911891.163452,4.386853
14072.000000,17137.000000,284.412116,265.000000,64011.611750,2.355487
13546.000000,17140.000000,352.637879,339.000000,7658.140998,1.612974
13953.000000,17149.000000,344.033918,361.000000,25421.084625,-0.132693
14051.000000,17147.000000,267.337810,236.000000,74851.914509,3.456229
14093.000000,17142.000000,341.773061,325.000000,53723.666076,2.238616
14323.000000,17155.000000,370.401333,362.000000,6511.009209,0.794417
14473.000000,17145.000000,346.728752,338.000000,5375.760068,0.843632
13871.000000,17150.000000,906.429566,442.000000,2908246.903210,4.386709
13971.000000,17168.000000,306.491226,298.000000,52377.719191,3.297759
13848.000000,17154.000000,931.802470,461.000000,2895532.121653,4.373890
14248.000000,17159.000000,377.720812,365.000000,7249.451512,1.127896
13464.000000,17155.000000,400.656798,350.000000,94937.427649,8.979930
13273.000000,17162.000000,390.065876,380.000000,8264.562664,0.702024
13085.000000,17161.000000,389.976179,375.000000,10355.964828,1.111771
13621.000000,17170.000000,359.164004,345.000000,7981.586768,1.197308
14358.000000,17168.000000,360.834036,352.000000,6679.294385,0.857171
13946.000000,17170.000000,342.690423,358.000000,27858.459990,0.124066
14032.000000,17174.000000,271.125478,249.000000,63998.110713,3.486467
13249.000000,17176.000000,386.187040,374.000000,8857.813658,0.871371
13098.000000,17180.000000,384.775316,371.000000,9971.945400,0.875324
14345.000000,17186.000000,355.906284,347.000000,5971.916519,0.757015
14377.000000,17187.000000,355.351632,346.000000,6337.339055,0.892508
14013.000000,17181.000000,259.790707,226.000000,61037.222837,3.658900
14516.000000,17187.000000,326.871581,327.000000,8353.001644,-0.283317
13594.000000,17184.000000,367.042643,353.000000,8348.633708,1.141040
14073.000000,17185.000000,335.602784,336.000000,34533.919271,1.891200
13996.000000,17188.000000,254.240761,221.000000,55383.146034,3.961664
14776.000000,17196.000000,177.667778,43.000000,58678.216361,2.364117
14215.000000,17198.000000,375.533869,361.000000,7958.933884,1.191332
13896.000000,17191.000000,714.449270,418.000000,2238812.690324,5.681331
13269.000000,17196.000000,384.963043,372.000000,7918.913741,0.855421
13350.000000,17195.000000,389.149005,372.000000,8378.781052,0.980002
13111.000000,17201.000000,371.553867,361.000000,8763.315817,0.728472
13694.000000,17199.000000,503.624056,378.000000,969340.006397,10.142385
14068.000000,17195.000000,333.799824,336.000000,31667.263135,1.996205
13411.000000,17208.000000,372.847662,352.000000,9349.261177,1.198682
14254.000000,17206.000000,372.358788,359.000000,8751.708346,1.781386
13989.000000,17219.000000,287.539163,267.000000,53351.634213,3.882231
14002.000000,17215.000000,285.416332,267.000000,55282.779418,3.826271
13115.000000,17219.000000,368.467307,359.000000,8306.282653,0.625832
13548.000000,17223.000000,361.409862,348.000000,7621.916613,1.096712
13972.000000,17220.000000,306.626997,283.000000,52701.198679,3.638048
14440.000000,17228.000000,361.678463,351.000000,5413.396271,0.856011
13752.000000,17224.000000,417.416822,403.000000,10756.517564,2.287245
13099.000000,17230.000000,374.934320,362.000000,10259.245564,0.800779
14262.000000,17233.000000,369.734536,357.000000,9034.506335,1.832042
13647.000000,17224.000000,808.416724,394.000000,3034166.573425,5.127936
13129.000000,17231.000000,370.595726,360.000000,8280.315535,0.686712
14172.000000,17239.000000,399.436134,385.000000,10537.332481,1.919189
13485.000000,17236.000000,367.259092,349.000000,8887.113246,1.250548
13981.000000,17242.000000,299.183609,287.000000,37628.617302,1.322960
13924.000000,17250.000000,337.622096,318.000000,23093.208134,1.201280
14800.000000,17246.000000,313.167140,311.000000,81342.061369,1.689517
13453.000000,17250.000000,363.456524,347.000000,8109.160177,1.320196
13939.000000,17259.000000,328.334379,305.000000,25182.250214,1.184532
14419.000000,17254.000000,358.989413,351.000000,6209.616200,0.530239
13328.000000,17251.000000,370.366827,355.000000,8165.359213,1.059607
13586.000000,17253.000000,368.540633,355.000000,8094.944359,0.975771
14126.000000,17258.000000,402.788550,389.000000,10087.331331,1.903728
13675.000000,17255.000000,851.604058,414.000000,3050097.052033,5.032126
13750.000000,17262.000000,425.376924,399.000000,24456.723040,6.108513
13736.000000,17261.000000,492.178708,403.000000,230437.760535,8.116923
13385.000000,17266.000000,367.456426,345.000000,18142.379461,6.300546
13832.000000,17262.000000,398.183904,385.000000,11784.004411,1.778361
14508.000000,17268.000000,319.477306,321.000000,9388.341829,-0.359409
13940.000000,17281.000000,322.941084,295.000000,28044.869679,1.353702
13833.000000,17278.000000,389.283306,376.000000,11827.998358,1.798008
14233.000000,17281.000000,350.751691,351.000000,19165.414767,1.239711
13968.000000,17279.000000,302.602392,291.000000,28226.921410,1.292663
14439.000000,17286.000000,354.399177,345.000000,6265.937315,0.593179
13900.000000,17284.000000,332.378002,316.000000,17873.069741,1.654195
14163.000000,17287.000000,391.979316,379.000000,14935.953792,2.166937
13118.000000,17294.000000,391.232134,366.000000,17578.935625,2.584136
13196.000000,17288.000000,365.607980,353.000000,8270.954741,0.848444
13246.000000,17288.000000,370.249779,355.000000,8541.056324,1.028215
13367.000000,17280.000000,392.070973,349.000000,72697.316598,9.448305
14206.000000,17296.000000,352.025096,354.000000,24873.041229,1.090040
14392.000000,17304.000000,356.094206,349.000000,6178.665275,0.655082
13833.000000,17299.000000,386.253701,372.000000,12410.180906,1.846224
14332.000000,17309.000000,367.396138,360.000000,7104.720146,0.552329
14516.000000,17313.000000,290.362121,300.000000,11153.506943,-0.619329
14428.000000,17314.000000,347.919322,341.000000,5798.566278,0.567709
14846.000000,17313.000000,294.558965,300.000000,85866.867051,1.895261
14413.000000,17311.000000,350.051662,343.000000,5907.531788,0.636552
13433.000000,17314.000000,401.857857,351.000000,214716.881472,9.906070
14240.000000,17315.000000,330.804627,346.000000,22386.088582,0.588818
13670.000000,17311.000000,503.765807,405.000000,264594.269730,7.737832
14545.000000,17325.000000,205.628370,245.000000,21214.680536,0.044488
13096.000000,17327.000000,403.609744,376.000000,18579.784471,2.686504
13450.000000,17319.000000,333.175179,342.000000,19966.289771,-0.071150
13685.000000,17323.000000,425.781394,386.000000,57645.623812,10.221187
14316.000000,17326.000000,365.186844,359.000000,7498.928916,0.515418
14194.000000,17326.000000,323.345260,335.000000,23730.896578,0.656864
13923.000000,17324.000000,325.334085,311.000000,31116.247176,0.989700
13465.000000,17321.000000,329.590040,339.000000,20998.956136,-0.009755
13950.000000,17332.000000,299.451622,295.000000,24766.372549,0.985722
14870.000000,17335.000000,269.731203,148.000000,95527.275459,1.910550
13444.000000,17331.000000,340.046270,348.000000,19353.683772,-0.133363
13969.000000,17335.000000,322.364670,321.000000,21590.070917,0.869102
13620.000000,17338.000000,496.720910,378.000000,704136.344714,9.901627
14224.000000,17343.000000,314.020488,331.000000,23173.698727,0.688005
13874.000000,17343.000000,356.772473,344.000000,28754.905883,1.052601
13503.000000,17348.000000,586.185374,346.000000,2087172.551167,7.389741
14172.000000,17352.000000,338.324870,345.000000,26958.520869,0.657416
13311.000000,17344.000000,638.606411,378.000000,1175711.432481,4.637846
13069.000000,17353.000000,409.149593,382.000000,19970.468946,2.596056
14859.000000,17348.000000,334.639937,338.000000,86618.253945,1.881435
14324.000000,17356.000000,356.242427,350.000000,7579.181206,0.483230
14555.000000,17355.000000,174.658171,201.000000,19841.637393,0.287785
14271.000000,17360.000000,358.917655,354.000000,9855.562673,-0.025368
13726.000000,17363.000000,405.417312,390.000000,10536.901726,1.567300
14851.000000,17362.000000,380.667386,366.000000,66899.565184,2.197934
13153.000000,17361.000000,392.103519,369.000000,14418.372383,3.060561
13876.000000,17368.000000,357.766003,340.000000,43170.121405,1.503645
14018.000000,17370.000000,371.314773,360.000000,7552.096683,1.109967
14882.000000,17359.000000,267.780610,175.000000,91408.059897,2.037308
13344.000000,17358.000000,632.010293,381.000000,1096753.794522,5.179611
14182.000000,17370.000000,311.792569,320.000000,25409.236651,0.775296
13651.000000,17366.000000,399.192922,383.000000,9495.343038,1.175345
13901.000000,17365.000000,349.667778,334.000000,46443.399186,1.419003
14757.000000,17370.000000,355.793550,350.000000,8118.246566,0.346008
14312.000000,17370.000000,360.707970,355.000000,7582.911974,0.436676
14061.000000,17371.000000,388.775904,379.000000,8583.462574,1.053985
13867.000000,17365.000000,369.766886,348.000000,39635.901544,1.653501
14199.000000,17378.000000,300.667189,308.000000,21481.082355,0.376187
14491.000000,17375.000000,318.562102,311.000000,5912.102824,0.690664
14877.000000,17376.000000,316.472307,322.000000,84648.954654,1.907591
13069.000000,17381.000000,383.540241,361.000000,15721.398856,2.695150
13815.000000,17375.000000,390.853740,366.000000,22816.260933,3.200078
14718.000000,17379.000000,261.819429,296.000000,23475.579589,-0.180998
14416.000000,17369.000000,341.626311,333.000000,5701.334330,0.828356
13290.000000,17385.000000,818.549554,411.000000,1971609.028840,3.824306
13501.000000,17371.000000,591.041368,369.000000,1613994.871732,7.548886
13526.000000,17381.000000,1166.599941,418.000000,6005389.446364,3.729638
14048.000000,17381.000000,384.359475,375.000000,8564.913519,1.052972
13209.000000,17379.000000,407.188903,390.000000,9640.544553,1.457836
13918.000000,17386.000000,323.088031,332.000000,30193.300554,0.553050
13541.000000,17387.000000,1310.019998,456.000000,6271467.558467,3.468708
13884.000000,17391.000000,355.856191,346.000000,49309.156948,1.272773
13863.000000,17387.000000,372.538967,358.000000,43944.188095,1.414850
14370.000000,17394.000000,349.717381,343.000000,6218.889541,0.586718
13563.000000,17391.000000,1323.118028,456.000000,6258287.617674,3.467014
14399.000000,17396.000000,339.176061,333.000000,5891.360239,0.675421
14236.000000,17398.000000,331.396040,332.000000,11378.048427,-0.070709
13379.000000,17394.000000,382.315655,353.000000,25588.717929,7.252405
14734.000000,17396.000000,326.235761,333.000000,12571.285756,-0.390673
14119.000000,17401.000000,371.981570,372.000000,18569.566369,0.304157
13118.000000,17401.000000,373.446525,359.000000,7465.039220,1.046814
14164.000000,17396.000000,316.554357,326.000000,23496.850123,0.243280
14427.000000,17411.000000,320.967552,313.000000,6481.984733,0.674043
14801.000000,17407.000000,390.014214,364.000000,17907.750705,4.104999
13469.000000,17404.000000,381.956965,360.000000,46659.709255,7.988236
13910.000000,17411.000000,330.332124,328.000000,44411.577763,2.247415
13867.000000,17410.000000,361.638565,338.000000,64191.001116,2.013002
13390.000000,17409.000000,380.691795,349.000000,39039.360161,10.017787
13669.000000,17413.000000,389.473189,377.000000,8657.602678,1.211885
13313.000000,17424.000000,765.582296,382.000000,1942026.370078,3.968569
14055.000000,17425.000000,394.021370,382.000000,9747.406856,1.033275
14225.000000,17423.000000,327.043721,329.000000,11170.077296,-0.089525
13792.000000,17428.000000,371.625037,363.000000,9703.888321,0.804819
13866.000000,17428.000000,353.063033,324.000000,67134.293547,2.066963
14079.000000,17440.000000,386.481521,374.000000,13187.616975,0.852516
14172.000000,17437.000000,296.768258,307.000000,22975.791213,0.568070
14213.000000,17437.000000,330.060190,331.000000,15178.636510,0.359579
14122.000000,17442.000000,340.396824,348.000000,25356.525209,0.320369
14405.000000,17450.000000,327.696500,316.000000,8499.611250,0.994889
14441.000000,17447.000000,304.536124,296.000000,7190.550822,0.824973
13625.000000,17440.000000,472.856387,396.000000,198765.935752,9.921582
14014.000000,17447.000000,385.928831,375.000000,8046.541940,0.785669
14532.000000,17448.000000,233.030977,245.000000,11707.580258,-0.315925
14910.000000,17444.000000,250.067836,285.000000,40136.955108,0.780655
13761.000000,17450.000000,392.057249,382.000000,7417.800859,0.830638
